
center_x = 25.967498779296875
center_y = 82.38200378417969
center_z = 46.678001403808594
size_x = 64.13700103759766
size_y = 134.66799926757812
size_z = 88.94999694824219
